0.7348  0.4021  1
0.6335  0.3951  1
0.6901  0.4370  1
0.6901  0.4654  1
0.6526  0.4106  1
0.6710  0.3536  1
0.6525  0.4301  1
0.6634  0.4253  1
0.6618  0.4372  1
0.6540  0.5037  1
0.7642  0.3765  1
0.6608  0.4363  1
0.6808  0.3443  1
0.6644  0.4677  1
0.6573  0.4446  1
0.6621  0.4350  1
0.6671  0.4549  1
0.6609  0.4366  1
0.6176  0.4144  1
0.6264  0.3966  1
0.6677  0.3756  1
0.6606  0.4355  1
0.6527  0.4541  1
0.6775  0.4949  1
0.6629  0.4016  1
0.6602  0.4354  1
0.6840  0.3389  1
0.7043  0.4569  1
0.6632  0.5006  1
0.5898  0.4155  1
0.6668  0.4043  1
0.6654  0.4398  1
0.6719  0.4330  1
0.6737  0.4367  1
0.6575  0.4407  1
0.6557  0.4112  1
0.7389  0.4310  1
0.6555  0.4613  1
0.6468  0.4516  1
0.7137  0.4358  1
0.6833  0.4496  1
0.5898  0.4732  1
0.5977  0.4838  1
0.6433  0.4904  1
0.7042  0.4401  1
0.7273  0.4335  1
0.6580  0.4347  1
0.5841  0.3457  1
0.6168  0.4227  1
0.6483  0.4548  1
0.4690  0.8397  2
0.4388  0.7396  2
0.4401  0.7302  2
0.4611  0.7030  2
0.4800  0.7516  2
0.3959  0.6670  2
0.4164  0.7505  2
0.4314  0.7544  2
0.4213  0.6698  2
0.4186  0.7186  2
0.4392  0.7418  2
0.4031  0.7494  2
0.5428  0.8142  2
0.4410  0.7499  2
0.3953  0.6908  2
0.4372  0.7411  2
0.4661  0.7638  2
0.4305  0.7439  2
0.4314  0.8447  2
0.4518  0.7811  2
0.4453  0.8586  2
0.4062  0.7575  2
0.4221  0.7176  2
0.4071  0.8018  2
0.4319  0.8286  2
0.4248  0.7321  2
0.4419  0.7521  2
0.4996  0.7524  2
0.4246  0.7497  2
0.4257  0.7072  2
0.3959  0.7517  2
0.4745  0.7337  2
0.4133  0.7475  2
0.4298  0.7496  2
0.3970  0.7536  2
0.4209  0.8190  2
0.4108  0.7547  2
0.4231  0.8245  2
0.4156  0.7135  2
0.4977  0.8338  2
0.3912  0.6486  2
0.4263  0.6838  2
0.3895  0.7460  2
0.4207  0.7044  2
0.4824  0.7962  2
0.4217  0.7216  2
0.4388  0.6856  2
0.4410  0.7516  2
0.4371  0.7812  2
0.4019  0.8241  2
0.4787  0.6850  2
0.5190  0.7306  2
0.9319  0.6585  3
0.8937  0.7172  3
0.9296  0.6692  3
0.9216  0.6709  3
0.9246  0.7660  3
0.9400  0.6378  3
0.8622  0.6620  3
0.9305  0.6634  3
0.9173  0.6068  3
0.8999  0.6428  3
0.9518  0.6641  3
0.9596  0.6502  3
0.9494  0.7194  3
0.9492  0.6947  3
0.9617  0.6833  3
0.8478  0.6980  3
0.9370  0.7818  3
0.9365  0.6700  3
0.9834  0.6560  3
1.0000  0.5561  3
0.9328  0.7117  3
0.9241  0.6659  3
0.8985  0.6605  3
0.9591  0.5499  3
0.9597  0.5976  3
0.9644  0.6802  3
0.9336  0.6449  3
0.9295  0.6942  3
0.9214  0.7034  3
0.9127  0.6658  3
0.9272  0.6721  3
0.9486  0.7148  3
0.9372  0.6445  3
0.9498  0.7225  3
0.9319  0.6032  3
0.9499  0.6225  3
0.9470  0.6352  3
0.9215  0.6067  3
0.9131  0.6703  3
0.9205  0.6720  3
0.9171  0.5694  3
0.9037  0.6450  3
0.9084  0.6739  3
0.9318  0.6774  3
0.9281  0.6666  3
0.9375  0.6678  3
0.9305  0.7146  3
0.9288  0.6228  3
0.9382  0.6739  3
0.9071  0.5856  3
0.9336  0.6724  3
0.9248  0.6687  3
0.9297  0.6846  3
0.1271  0.1033  4
0.1262  0.0967  4
0.1324  0.0929  4
0.1032  0.0997  4
0.1416  0.0887  4
0.1753  0.1206  4
0.0752  0.1220  4
0.1370  0.0947  4
0.1184  0.1027  4
0.1046  0.0000  4
0.1303  0.1179  4
0.0958  0.0573  4
0.1155  0.0572  4
0.1255  0.0966  4
0.1081  0.0253  4
0.1134  0.1113  4
0.1823  0.2355  4
0.0807  0.1216  4
0.1595  0.1142  4
0.0756  0.0931  4
0.0417  0.1424  4
0.1374  0.0945  4
0.0725  0.1500  4
0.1253  0.1030  4
0.1322  0.1283  4
0.1123  0.0330  4
0.1093  0.2160  4
0.1112  0.1132  4
0.1503  0.0760  4
0.0967  0.0287  4
0.0164  0.1210  4
0.1610  0.0656  4
0.0936  0.0738  4
0.1333  0.1069  4
0.1706  0.0947  4
0.1101  0.0838  4
0.1513  0.0937  4
0.1308  0.0606  4
0.1007  0.1371  4
0.1162  0.1688  4
0.0747  0.0398  4
0.1264  0.1119  4
0.1114  0.1488  4
0.1242  0.1026  4
0.1095  0.1015  4
0.0372  0.1145  4
0.1358  0.1360  4
0.1392  0.1018  4
0.1355  0.0779  4
0.1446  0.1864  4
0.1242  0.1045  4
0.1132  0.1250  4
0.1132  0.0370  4
0.1214  0.0597  4
0.1370  0.1203  4
0.1121  0.0965  4
0.1761  0.8065  5
0.2215  0.8847  5
0.2251  0.7979  5
0.2178  0.8415  5
0.1998  0.8316  5
0.2110  0.8942  5
0.1943  0.8328  5
0.2253  0.8811  5
0.2387  0.9125  5
0.2285  0.8200  5
0.2135  0.8586  5
0.3168  0.8668  5
0.1481  0.8730  5
0.2131  0.8355  5
0.1961  0.8229  5
0.2426  0.7994  5
0.2231  0.8515  5
0.2844  0.7309  5
0.2272  0.7785  5
0.2281  0.6967  5
0.2175  0.8145  5
0.2370  0.8101  5
0.2120  0.8343  5
0.1176  0.8564  5
0.1636  0.8039  5
0.1903  0.7783  5
0.2972  0.8260  5
0.2450  0.9903  5
0.2544  0.8914  5
0.1969  0.9060  5
0.2386  0.8625  5
0.2073  0.8597  5
0.1900  0.9036  5
0.2136  0.8259  5
0.2177  0.7869  5
0.3496  0.9022  5
0.1881  0.9409  5
0.2093  0.8349  5
0.2340  0.8871  5
0.2383  0.8716  5
0.2042  0.8255  5
0.2336  0.8877  5
0.2160  0.8142  5
0.1977  0.8243  5
0.2429  0.8567  5
0.1895  0.8275  5
0.2098  0.8181  5
0.0811  0.8318  5
0.2288  0.8615  5
0.2304  0.8072  5
0.1820  0.8220  5
0.2187  0.7904  5
0.1891  0.8795  5
0.2717  0.9455  5
0.1861  0.8402  5
0.2285  0.8013  5
0.2328  0.8365  5
0.0420  0.3757  6
0.0797  0.4369  6
0.1086  0.4966  6
0.0000  0.4366  6
0.0838  0.4295  6
0.0895  0.3818  6
0.0980  0.3680  6
0.0911  0.3950  6
0.0832  0.4016  6
0.0708  0.4443  6
0.1639  0.4369  6
0.1872  0.4591  6
0.0846  0.4238  6
0.1095  0.4243  6
0.0806  0.3761  6
0.0578  0.4782  6
0.0903  0.4116  6
0.0709  0.3569  6
0.1110  0.3830  6
0.1910  0.3951  6
0.0868  0.4121  6
0.1487  0.4213  6
0.1414  0.3939  6
0.0454  0.4685  6
0.0892  0.3968  6
0.0627  0.4613  6
0.0943  0.4034  6
0.0754  0.4156  6
0.0309  0.3477  6
0.0884  0.3860  6
0.0959  0.4399  6
0.0593  0.3409  6
0.0528  0.3850  6
0.0685  0.3396  6
0.0097  0.3704  6
0.0908  0.3853  6
0.0771  0.4122  6
0.1225  0.4195  6
0.1591  0.3801  6
0.1328  0.3741  6
0.0841  0.3744  6
0.1647  0.3507  6
0.0927  0.4846  6
0.0954  0.4190  6
0.0931  0.4681  6
0.1668  0.4409  6
0.0814  0.3923  6
0.0812  0.3554  6
0.0774  0.4272  6
0.0791  0.4642  6
0.0767  0.4242  6
0.0411  0.3788  6
0.0630  0.3906  6
0.0372  0.4445  6
0.1543  0.4116  6
0.0641  0.4165  6
0.1004  0.4409  6
0.4312  0.1918  7
0.4073  0.1821  7
0.4219  0.1733  7
0.3939  0.2322  7
0.4014  0.2579  7
0.4117  0.2014  7
0.4346  0.2253  7
0.4002  0.1873  7
0.3490  0.1251  7
0.3530  0.1190  7
0.4055  0.1361  7
0.3582  0.2263  7
0.3799  0.1384  7
0.3779  0.1910  7
0.3880  0.1943  7
0.3116  0.2129  7
0.3694  0.2022  7
0.3308  0.2107  7
0.3960  0.1369  7
0.4078  0.1856  7
0.4094  0.2770  7
0.3909  0.2398  7
0.4047  0.1718  7
0.4048  0.1532  7
0.3478  0.1687  7
0.4203  0.2530  7
0.4136  0.1585  7
0.3381  0.0860  7
0.4104  0.1976  7
0.4303  0.1958  7
0.4433  0.1800  7
0.4068  0.1878  7
0.4118  0.1951  7
0.4296  0.2325  7
0.4432  0.2639  7
0.4034  0.1913  7
0.3846  0.2695  7
0.4074  0.1859  7
0.4129  0.1682  7
0.3556  0.2060  7
0.3891  0.1665  7
0.3999  0.1737  7
0.3958  0.2151  7
0.4267  0.2386  7
0.4023  0.1819  7
0.3661  0.2129  7
0.3697  0.2231  7
0.4837  0.2300  7
0.4153  0.1271  7
0.3800  0.1301  7
0.5231  0.2308  7
0.4218  0.1936  7
0.4141  0.1891  7
0.4533  0.1923  7
0.4086  0.1728  7
0.4186  0.1834  7
0.4181  0.1785  7
0.4031  0.1176  7
0.3931  0.1857  7
0.6227  0.8850  8
0.6783  0.8321  8
0.7994  0.8794  8
0.7262  0.8507  8
0.6686  0.8448  8
0.7667  0.7974  8
0.7286  0.8598  8
0.6830  0.8574  8
0.8163  0.9119  8
0.7475  0.8592  8
0.7472  0.8595  8
0.6291  0.9514  8
0.7452  0.8912  8
0.7325  0.8759  8
0.7492  0.8703  8
0.6895  0.8218  8
0.7435  0.8524  8
0.6160  0.8523  8
0.7581  0.8386  8
0.7799  0.8007  8
0.7421  0.8559  8
0.7568  0.8476  8
0.7073  0.7031  8
0.7055  0.8235  8
0.7011  0.9596  8
0.7148  0.8837  8
0.7534  0.8609  8
0.7517  0.8677  8
0.7440  0.7921  8
0.7594  0.9138  8
0.6897  0.8285  8
0.7374  0.8755  8
0.7630  0.7792  8
0.7580  0.8810  8
0.7454  0.8785  8
0.7182  0.7946  8
0.7634  0.8609  8
0.7611  0.7671  8
0.7412  0.8716  8
0.7050  0.8630  8
0.7448  0.8616  8
0.6540  0.8488  8
0.7488  1.0000  8
0.7574  0.8859  8
0.7437  0.8576  8
0.7572  0.8336  8
0.6819  0.8991  8
0.7744  0.9086  8
0.6637  0.7199  8
0.8150  0.8528  8
0.7132  0.8542  8
0.7719  0.9222  8
0.7592  0.9392  8
0.7462  0.8583  8
0.7630  0.7558  8
0.7822  0.8302  8
0.7556  0.9056  8
0.7363  0.8484  8
