0.4445  -0.4812  1
0.4550  -0.5852  1
0.4546  -0.6936  1
0.4429  -0.8053  1
0.4192  -0.9192  1
0.3832  -1.0342  1
0.3347  -1.1488  1
0.2733  -1.2619  1
0.1991  -1.3722  1
0.1123  -1.4782  1
0.0130  -1.5788  1
-0.0985  -1.6725  1
-0.2215  -1.7581  1
-0.3556  -1.8343  1
-0.5000  -1.9000  1
-0.6538  -1.9540  1
-0.8160  -1.9951  1
-0.9856  -2.0225  1
-1.1613  -2.0353  1
-1.3419  -2.0325  1
-1.5260  -2.0137  1
-1.7122  -1.9781  1
-1.8989  -1.9255  1
-2.0847  -1.8554  1
-2.2678  -1.7678  1
-2.4466  -1.6626  1
-2.6196  -1.5400  1
-2.7851  -1.4003  1
-2.9414  -1.2439  1
-3.0869  -1.0715  1
-3.2200  -0.8838  1
-3.3393  -0.6817  1
-3.4433  -0.4662  1
-3.5306  -0.2385  1
-3.6000  0.0000  1
-3.6503  0.2479  1
-3.6804  0.5037  1
-3.6894  0.7657  1
-3.6765  1.0321  1
-3.6412  1.3011  1
-3.5829  1.5708  1
-3.5013  1.8392  1
-3.3963  2.1043  1
-3.2679  2.3640  1
-3.1163  2.6163  1
-2.9419  2.8591  1
-2.7453  3.0904  1
-2.5273  3.3082  1
-2.2887  3.5106  1
-2.0307  3.6955  1
-1.3011  1.0163  2
-1.2329  1.0955  2
-1.1540  1.1699  2
-1.0649  1.2383  2
-0.9660  1.2996  2
-0.8578  1.3525  2
-0.7412  1.3962  2
-0.6169  1.4296  2
-0.4859  1.4517  2
-0.3492  1.4617  2
-0.2079  1.4588  2
-0.0632  1.4425  2
0.0836  1.4122  2
0.2312  1.3674  2
0.3782  1.3079  2
0.5232  1.2335  2
0.6647  1.1441  2
0.8013  1.0400  2
0.9315  0.9213  2
1.0539  0.7884  2
1.1669  0.6419  2
1.2693  0.4824  2
1.3596  0.3107  2
1.4367  0.1277  2
1.4991  -0.0654  2
1.5460  -0.2676  2
1.5761  -0.4775  2
1.5887  -0.6936  2
1.5828  -0.9146  2
1.5579  -1.1389  2
1.5134  -1.3647  2
1.4489  -1.5903  2
1.3642  -1.8141  2
1.2592  -2.0342  2
1.1339  -2.2487  2
0.9887  -2.4558  2
0.8238  -2.6537  2
0.6400  -2.8406  2
0.4379  -3.0146  2
0.2185  -3.1742  2
-0.0173  -3.3175  2
-0.2682  -3.4431  2
-0.5327  -3.5494  2
-0.8095  -3.6350  2
-1.0969  -3.6987  2
-1.3930  -3.7394  2
-1.6961  -3.7560  2
-2.0042  -3.7478  2
-2.3152  -3.7140  2
-2.6269  -3.6542  2
-1.2297  -0.7689  3
-1.3323  -0.7494  3
-1.4362  -0.7183  3
-1.5400  -0.6754  3
-1.6425  -0.6203  3
-1.7424  -0.5532  3
-1.8386  -0.4740  3
-1.9296  -0.3831  3
-2.0142  -0.2806  3
-2.0912  -0.1672  3
-2.1594  -0.0435  3
-2.2176  0.0900  3
-2.2648  0.2323  3
-2.2998  0.3826  3
-2.3218  0.5396  3
-2.3298  0.7024  3
-2.3232  0.8696  3
-2.3013  1.0400  3
-2.2636  1.2121  3
-2.2097  1.3845  3
-2.1393  1.5557  3
-2.0524  1.7241  3
-1.9489  1.8882  3
-1.8289  2.0464  3
-1.6929  2.1970  3
-1.5412  2.3387  3
-1.3746  2.4697  3
-1.1936  2.5887  3
-0.9993  2.6941  3
-0.7927  2.7847  3
-0.5749  2.8590  3
-0.3472  2.9160  3
-0.1110  2.9545  3
0.1321  2.9736  3
0.3804  2.9723  3
0.6324  2.9501  3
0.8862  2.9063  3
1.1400  2.8406  3
1.3918  2.7526  3
1.6397  2.6423  3
1.8817  2.5098  3
2.1159  2.3553  3
2.3402  2.1794  3
2.5528  1.9825  3
2.7516  1.7655  3
2.9349  1.5293  3
3.1009  1.2751  3
3.2478  1.0042  3
3.3740  0.7180  3
3.4781  0.4181  3
